3 50 0 0
2 50 875 0
1 50 1250 0
4 50 2625 0
2 50 3500 0
3 50 4375 0
2 50 4875 0
1 50 6125 0
3 50 6750 0
4 50 7375 0
1 50 8000 0
3 50 9000 0
4 50 9750 0
1 50 10250 0
3 50 10750 0
3 50 11625 0
1 50 12000 0
2 50 12500 0
3 50 12500 0
1 50 14250 0
3 50 15000 0
4 50 16125 0
2 50 16750 0
2 50 17875 0
3 50 18375 0
4 50 18750 0
1 50 19125 0
6 50 19750 1000
3 50 21375 0
4 50 22125 0
2 50 23250 0
2 50 23750 0
1 50 24125 0
1 50 25000 0
4 50 25500 0
1 50 26375 0
2 50 26875 0
3 50 28625 0
2 50 29250 0
3 50 30375 0
4 50 31000 0
2 50 32125 0
1 50 32625 0
3 50 33000 0
4 50 33375 0
6 50 33875 1375
1 50 35750 0
1 50 36500 0
3 50 37625 0
2 50 38000 0
4 50 38375 0
3 50 39375 0
2 50 39750 0
1 50 40250 0
3 50 40625 0
1 50 41125 0
4 50 41125 0
2 50 43000 0
4 50 43750 0
2 50 44250 0
1 50 44750 0
2 50 45625 0
1 50 46000 0
3 50 46500 0
4 50 47250 0
3 50 47875 0
2 50 48250 0
2 50 49125 0
1 50 49625 0
1 50 50125 0
4 50 51000 0
1 50 51375 0
2 50 51875 0
3 50 52750 0
3 50 53250 0
4 50 53625 0
2 50 54500 0
1 50 55000 0
2 50 55500 0
1 50 57250 0
2 50 58000 0
3 50 59000 0
1 50 59750 0
1 50 60875 0
4 50 61875 0
3 50 62125 0
6 50 62625 1000
3 50 64375 0
1 50 65125 0
1 50 66250 0
4 50 66625 0
1 50 67125 0
3 50 68000 0
2 50 68500 0
1 50 68875 0
2 50 69375 0
4 50 69750 0
1 50 71500 0
3 50 72500 0
1 50 73375 0
4 50 74250 0
2 50 74750 0
1 50 75125 0
4 50 76000 0
3 50 77000 0
1 50 77375 0
1 50 77875 0
4 50 78250 0
3 50 78750 0
2 50 79625 0
1 50 80500 0
3 50 81500 0
4 50 81875 0
1 50 82375 0
6 50 84125 1250
1 50 85875 0
2 50 86750 0
3 50 87625 0
4 50 88625 0
4 50 89000 0
3 50 89500 0
2 50 90375 0
1 50 91250 0
2 50 91750 0
4 50 92250 0
4 50 92625 0
3 50 93000 0
3 50 94000 0
2 50 94875 0
1 50 95750 0
1 50 96125 0
2 50 96625 0
6 50 98500 1375