1 50 0 0
3 50 500 0
6 50 1750 875
1 50 2625 0
4 50 3500 0
2 50 4000 0
3 50 4500 0
2 50 5375 0
1 50 5750 0
2 50 6250 0
3 50 6750 0
2 50 7250 0
4 50 8125 0
1 50 8500 0
4 50 9000 0
1 50 9875 0
2 50 10750 0
3 50 11250 0
4 50 11750 0
1 50 12125 0
3 50 12625 0
4 50 13000 0
2 50 13500 0
1 50 14000 0
3 50 14375 0
4 50 14875 0
1 50 15375 0
2 50 15875 0
3 50 16250 0
4 50 16750 0
1 50 17250 0
2 50 18000 0
3 50 18500 0
3 50 19000 0
4 50 19500 0
4 50 20000 0
3 50 20375 0
2 50 20875 0
1 50 21375 0
2 50 21750 0
3 50 22250 0
1 50 22750 0
2 50 23125 0
4 50 23625 0
1 50 24500 0
3 50 25000 0
4 50 25500 0
2 50 25875 0
1 50 26375 0
3 50 26750 0
2 50 27250 0
1 50 27625 0
4 50 28125 0
3 50 28625 0
2 50 29500 0
1 50 30000 0
3 50 30875 0
1 50 31250 0
4 50 31750 0
1 50 32250 0
2 50 33125 0
3 50 33625 0
4 50 34000 0
1 50 34875 0
3 50 35375 0
4 50 35750 0
3 50 36250 0
4 50 36750 0
3 50 37125 0
2 50 37625 0
1 50 38125 0
2 50 38500 0
1 50 39000 0
2 50 39375 0
4 50 39875 0
2 50 40750 0
3 50 41250 0
4 50 41625 0
3 50 42125 0
2 50 42625 0
1 50 43125 0
2 50 43500 0
3 50 43875 0
4 50 44375 0
2 50 44750 0
1 50 45250 0
2 50 45625 0
1 50 46125 0
2 50 46625 0
4 50 47125 0
3 50 47500 0
2 50 48000 0
1 50 48375 0
1 50 48875 0
2 50 49750 0
3 50 50750 0
4 50 51125 0
4 50 51625 0
3 50 52000 0
2 50 52500 0
1 50 53000 0
2 50 53375 0
3 50 53875 0
4 50 54375 0
1 50 54750 0
2 50 55250 0
3 50 55625 0
4 50 56125 0
3 50 56625 0
2 50 57125 0
1 50 57500 0
2 50 58250 0
3 50 58750 0
4 50 59250 0
3 50 59750 0
2 50 60125 0
3 50 60625 0
6 50 61500 875
3 50 62375 0
1 50 63250 0
3 50 63750 0
2 50 64250 0
4 50 64750 0
4 50 65125 0
2 50 65500 0
3 50 66000 0
1 50 66375 0
2 50 66875 0
3 50 67375 0
4 50 67875 0
3 50 68375 0
2 50 68750 0
1 50 69250 0
2 50 70125 0
3 50 70500 0
4 50 71000 0
3 50 71375 0
1 50 71875 0
6 50 72750 625
8 50 72750 625
4 50 74625 0
3 50 75125 0
2 50 75500 0
1 50 76000 0
2 50 76375 0
3 50 76875 0
4 50 77375 0
4 50 77750 0
3 50 78125 0
2 50 78625 0
1 50 79125 0
2 50 79500 0
2 50 80500 0
3 50 80875 0
1 50 81375 0
4 50 81875 0
3 50 82375 0
2 50 82750 0
1 50 83125 0
2 50 83625 0
3 50 84000 0
2 50 84500 0
3 50 85000 0
1 50 85500 0
4 50 85875 0
4 50 86375 0
2 50 86750 0
3 50 87250 0
1 50 87625 0
2 50 88125 0
3 50 88500 0
4 50 89000 0
4 50 89500 0
3 50 90000 0
2 50 90375 0
1 50 90875 0
3 50 91250 0
3 50 91750 0
3 50 92250 0
1 50 92625 0
4 50 93125 0
3 50 93625 0
2 50 94000 0
1 50 94500 0
2 50 94875 0
2 50 95375 0
2 50 95875 0
