1 190 0 0
3 140 250 0
2 200 625 0
4 150 1125 0
8 170 1625 875
4 200 3375 0
3 130 3875 0
1 150 4250 0
2 190 4750 0
3 180 5125 0
3 120 5625 0
3 160 6125 0
3 100 6500 0
1 110 7000 0
1 120 7500 0
2 180 7875 0
2 110 8375 0
4 100 8750 0
4 110 9125 0
1 130 9625 0
4 110 10000 0
2 150 10625 0
3 120 11000 0
1 110 11500 0
4 120 11875 0
2 200 12375 0
4 190 12750 0
1 180 13250 0
4 130 13750 0
4 140 14125 0
4 200 14625 0
4 110 15125 0
4 180 29750 0
1 130 30125 0
2 180 30625 0
3 110 31125 0
3 170 31500 0
1 160 31875 0
1 120 32375 0
4 180 32875 0
1 140 33250 0
4 110 33750 0
2 190 34250 0
4 110 34625 0
1 160 35125 0
4 140 35625 0
1 120 36125 0
3 110 36500 0
1 120 36875 0
4 200 37375 0
1 130 37750 0
3 200 38250 0
1 170 38750 0
4 100 39125 0
2 130 39625 0
4 200 40125 0
1 160 40500 0
3 110 40875 0
2 120 41375 0
4 120 41875 0
4 130 42250 0
1 150 42750 0
3 120 43250 0
2 200 43625 0
4 140 44125 0
1 190 44625 0
4 100 45000 0
1 200 45500 0
3 120 45875 0
2 150 46375 0
2 200 46875 0
4 200 47250 0
4 130 47750 0
4 140 48125 0
1 160 48625 0
3 170 49000 0
4 150 49500 0
2 170 50000 0
4 110 50375 0
1 180 50875 0
4 120 51375 0
2 140 51750 0
4 110 52250 0
1 100 52750 0
4 180 53125 0
2 160 53500 0
4 110 54000 0
1 170 54500 0
3 140 54875 0
2 130 55375 0
4 120 55750 0
1 180 56250 0
2 130 57250 0
4 200 57625 0
1 150 58000 0
3 120 58500 0
2 150 58875 0
4 130 59375 0
1 100 59875 0
3 150 60250 0
2 180 60750 0
8 100 61250 875
4 160 63000 0
3 180 63500 0
2 170 63875 0
4 200 64375 0
3 100 65250 0
4 160 65750 0
1 180 66250 0
4 130 66750 0
2 120 67125 0
4 110 67625 0
1 200 68000 0
4 100 68500 0
2 130 68875 0
3 120 69375 0
3 150 69750 0
1 100 70250 0
1 160 70625 0
3 110 71125 0
2 110 71500 0
4 170 71750 0
1 190 72000 0
3 190 72750 0
2 160 73000 0
4 110 73875 0
1 140 74250 0
3 200 74750 0
2 110 75125 0
4 100 75625 0
8 200 76625 3000
3 190 77875 0
2 170 78250 0
3 200 78750 0
3 190 80125 0
4 180 80625 0
4 110 81500 0
2 150 82000 0
3 200 83250 0
1 200 83750 0
3 110 84125 0
2 110 84750 0
4 160 85125 0
2 140 85625 0
4 110 86000 0
1 170 86500 0
3 180 86875 0
2 170 87375 0
3 110 87750 0
1 110 88125 0
4 120 88625 0
2 160 89250 0
3 150 89625 0
1 110 90125 0
4 170 90500 0
2 140 91000 0
3 140 91500 0
4 100 91875 0
1 130 92250 0
3 170 92750 0
2 110 93125 0
4 130 93625 0
1 150 94125 0
3 110 94625 0
8 120 95000 875
