3 50 4750 0
2 50 6625 0
1 50 8625 0
1 50 10500 0
2 50 11500 0
4 50 12375 0
3 50 14375 0
2 50 15375 0
2 50 16250 0
4 50 18125 0
4 50 19125 0
1 50 20000 0
4 50 21875 0
2 50 23875 0
1 50 24375 0
2 50 24875 0
1 50 25125 0
4 50 25250 0
3 50 25500 0
2 50 27250 0
3 50 27625 0
4 50 28625 0
1 50 28875 0
2 50 29125 0
4 50 29375 0
3 50 31500 0
2 50 32000 0
3 50 32375 0
1 50 32625 0
4 50 32875 0
2 50 33125 0
2 50 34750 0
4 50 35250 0
1 50 36250 0
3 50 36500 0
4 50 36750 0
2 50 37000 0
3 50 39125 0
1 50 39625 0
1 50 39875 0
3 50 40125 0
2 50 41000 0
4 50 41500 0
3 50 41750 0
1 50 42000 0
2 50 42875 0
4 50 43375 0
2 50 43625 0
4 50 43875 0
3 50 45000 0
2 50 45250 0
4 50 45750 0
1 50 46000 0
4 50 46750 0
3 50 47625 0
2 50 47875 0
4 50 48625 0
2 50 49125 0
4 50 49625 0
1 50 50500 0
1 50 51375 0
3 50 51625 0
2 50 52375 0
4 50 52875 0
1 50 53375 0
4 50 54375 0
3 50 55250 0
2 50 55500 0
3 50 56250 0
4 50 56750 0
1 50 57250 0
2 50 58125 0
4 50 59125 0
2 50 59375 0
1 50 60000 0
4 50 60500 0
1 50 61000 0
7 50 62000 1500
2 50 63875 0
1 50 64875 0
4 50 65125 0
2 50 65750 0
4 50 66000 0
1 50 66250 0
2 50 66500 0
3 50 66750 0
2 50 67250 0
3 50 67250 0
